,example_id,predicted_label,real_label,full_ordering,correct
0,dev-data/mutual/dev/dev_1.txt,A,B,"['A', 'B', 'C', 'D']",False
1,dev-data/mutual/dev/dev_10.txt,A,C,"['A', 'D', 'C', 'B']",False
2,dev-data/mutual/dev/dev_100.txt,A,C,"['A', 'C', 'B', 'D']",False
3,dev-data/mutual/dev/dev_101.txt,A,D,"['A', 'B', 'D', 'C']",False
4,dev-data/mutual/dev/dev_102.txt,C,A,"['C', 'A', 'B', 'D']",False
5,dev-data/mutual/dev/dev_103.txt,B,D,"['B', 'A', 'C', 'D']",False
6,dev-data/mutual/dev/dev_104.txt,A,D,"['A', 'B', 'C', 'D']",False
7,dev-data/mutual/dev/dev_105.txt,B,D,"['B', 'C', 'D', 'A']",False
8,dev-data/mutual/dev/dev_106.txt,B,C,"['B', 'D', 'C', 'A']",False
9,dev-data/mutual/dev/dev_107.txt,C,B,"['C', 'A', 'B', 'D']",False
10,dev-data/mutual/dev/dev_108.txt,D,A,"['D', 'B', 'A', 'C']",False
11,dev-data/mutual/dev/dev_109.txt,B,D,"['B', 'A', 'D', 'C']",False
12,dev-data/mutual/dev/dev_11.txt,C,A,"['C', 'D', 'A', 'B']",False
13,dev-data/mutual/dev/dev_110.txt,C,A,"['C', 'B', 'A', 'D']",False
14,dev-data/mutual/dev/dev_111.txt,B,D,"['B', 'A', 'C', 'D']",False
15,dev-data/mutual/dev/dev_112.txt,B,B,"['B', 'D', 'A', 'C']",True
16,dev-data/mutual/dev/dev_113.txt,A,A,"['A', 'B', 'C', 'D']",True
17,dev-data/mutual/dev/dev_114.txt,B,B,"['B', 'D', 'A', 'C']",True
18,dev-data/mutual/dev/dev_115.txt,A,D,"['A', 'B', 'D', 'C']",False
19,dev-data/mutual/dev/dev_116.txt,C,B,"['C', 'D', 'A', 'B']",False
20,dev-data/mutual/dev/dev_117.txt,A,D,"['A', 'D', 'B', 'C']",False
21,dev-data/mutual/dev/dev_118.txt,B,C,"['B', 'D', 'A', 'C']",False
22,dev-data/mutual/dev/dev_119.txt,D,A,"['D', 'C', 'B', 'A']",False
23,dev-data/mutual/dev/dev_12.txt,A,A,"['A', 'B', 'D', 'C']",True
24,dev-data/mutual/dev/dev_120.txt,A,A,"['A', 'C', 'B', 'D']",True
25,dev-data/mutual/dev/dev_121.txt,B,C,"['B', 'A', 'C', 'D']",False
26,dev-data/mutual/dev/dev_122.txt,A,C,"['A', 'D', 'C', 'B']",False
27,dev-data/mutual/dev/dev_123.txt,A,B,"['A', 'C', 'B', 'D']",False
28,dev-data/mutual/dev/dev_124.txt,B,A,"['B', 'C', 'D', 'A']",False
29,dev-data/mutual/dev/dev_125.txt,D,D,"['D', 'A', 'B', 'C']",True
30,dev-data/mutual/dev/dev_126.txt,C,A,"['C', 'B', 'D', 'A']",False
31,dev-data/mutual/dev/dev_127.txt,C,A,"['C', 'A', 'D', 'B']",False
32,dev-data/mutual/dev/dev_128.txt,C,B,"['C', 'A', 'D', 'B']",False
33,dev-data/mutual/dev/dev_129.txt,C,C,"['C', 'B', 'A', 'D']",True
34,dev-data/mutual/dev/dev_13.txt,D,D,"['D', 'C', 'B', 'A']",True
35,dev-data/mutual/dev/dev_130.txt,A,B,"['A', 'D', 'C', 'B']",False
36,dev-data/mutual/dev/dev_131.txt,D,A,"['D', 'A', 'C', 'B']",False
37,dev-data/mutual/dev/dev_132.txt,B,A,"['B', 'D', 'A', 'C']",False
38,dev-data/mutual/dev/dev_133.txt,C,D,"['C', 'B', 'A', 'D']",False
39,dev-data/mutual/dev/dev_134.txt,D,D,"['D', 'C', 'A', 'B']",True
40,dev-data/mutual/dev/dev_135.txt,D,D,"['D', 'C', 'B', 'A']",True
41,dev-data/mutual/dev/dev_136.txt,B,B,"['B', 'A', 'C', 'D']",True
42,dev-data/mutual/dev/dev_137.txt,B,B,"['B', 'A', 'C', 'D']",True
43,dev-data/mutual/dev/dev_138.txt,A,D,"['A', 'C', 'B', 'D']",False
44,dev-data/mutual/dev/dev_139.txt,A,D,"['A', 'B', 'D', 'C']",False
45,dev-data/mutual/dev/dev_14.txt,C,C,"['C', 'A', 'B', 'D']",True
46,dev-data/mutual/dev/dev_140.txt,B,C,"['B', 'C', 'A', 'D']",False
47,dev-data/mutual/dev/dev_141.txt,B,B,"['B', 'A', 'C', 'D']",True
48,dev-data/mutual/dev/dev_142.txt,B,C,"['B', 'A', 'C', 'D']",False
49,dev-data/mutual/dev/dev_143.txt,B,A,"['B', 'C', 'A', 'D']",False
50,dev-data/mutual/dev/dev_144.txt,C,D,"['C', 'D', 'B', 'A']",False
51,dev-data/mutual/dev/dev_145.txt,B,D,"['B', 'D', 'A', 'C']",False
52,dev-data/mutual/dev/dev_146.txt,A,A,"['A', 'D', 'C', 'B']",True
53,dev-data/mutual/dev/dev_147.txt,A,A,"['A', 'C', 'D', 'B']",True
54,dev-data/mutual/dev/dev_148.txt,C,C,"['C', 'D', 'B', 'A']",True
55,dev-data/mutual/dev/dev_149.txt,B,B,"['B', 'A', 'C', 'D']",True
56,dev-data/mutual/dev/dev_15.txt,D,D,"['D', 'A', 'C', 'B']",True
57,dev-data/mutual/dev/dev_150.txt,A,C,"['A', 'B', 'D', 'C']",False
58,dev-data/mutual/dev/dev_151.txt,A,B,"['A', 'C', 'B', 'D']",False
59,dev-data/mutual/dev/dev_152.txt,C,A,"['C', 'A', 'D', 'B']",False
60,dev-data/mutual/dev/dev_153.txt,B,B,"['B', 'A', 'C', 'D']",True
61,dev-data/mutual/dev/dev_154.txt,B,D,"['B', 'C', 'A', 'D']",False
62,dev-data/mutual/dev/dev_155.txt,D,A,"['D', 'C', 'A', 'B']",False
63,dev-data/mutual/dev/dev_156.txt,C,C,"['C', 'B', 'D', 'A']",True
64,dev-data/mutual/dev/dev_157.txt,D,D,"['D', 'C', 'A', 'B']",True
65,dev-data/mutual/dev/dev_158.txt,C,D,"['C', 'A', 'B', 'D']",False
66,dev-data/mutual/dev/dev_159.txt,D,D,"['D', 'B', 'A', 'C']",True
67,dev-data/mutual/dev/dev_16.txt,B,A,"['B', 'A', 'D', 'C']",False
68,dev-data/mutual/dev/dev_160.txt,A,D,"['A', 'C', 'B', 'D']",False
69,dev-data/mutual/dev/dev_161.txt,A,B,"['A', 'B', 'C', 'D']",False
70,dev-data/mutual/dev/dev_162.txt,B,A,"['B', 'C', 'D', 'A']",False
71,dev-data/mutual/dev/dev_163.txt,D,A,"['D', 'C', 'B', 'A']",False
72,dev-data/mutual/dev/dev_164.txt,D,C,"['D', 'A', 'B', 'C']",False
73,dev-data/mutual/dev/dev_165.txt,C,D,"['C', 'D', 'B', 'A']",False
74,dev-data/mutual/dev/dev_166.txt,C,B,"['C', 'B', 'D', 'A']",False
75,dev-data/mutual/dev/dev_167.txt,D,B,"['D', 'A', 'B', 'C']",False
76,dev-data/mutual/dev/dev_168.txt,C,A,"['C', 'A', 'B', 'D']",False
77,dev-data/mutual/dev/dev_169.txt,C,C,"['C', 'A', 'B', 'D']",True
78,dev-data/mutual/dev/dev_17.txt,B,B,"['B', 'D', 'A', 'C']",True
79,dev-data/mutual/dev/dev_170.txt,C,B,"['C', 'A', 'B', 'D']",False
80,dev-data/mutual/dev/dev_171.txt,C,C,"['C', 'B', 'A', 'D']",True
81,dev-data/mutual/dev/dev_172.txt,B,D,"['B', 'D', 'C', 'A']",False
82,dev-data/mutual/dev/dev_173.txt,C,C,"['C', 'D', 'A', 'B']",True
83,dev-data/mutual/dev/dev_174.txt,B,D,"['B', 'D', 'A', 'C']",False
84,dev-data/mutual/dev/dev_175.txt,D,D,"['D', 'C', 'B', 'A']",True
85,dev-data/mutual/dev/dev_176.txt,A,C,"['A', 'D', 'B', 'C']",False
86,dev-data/mutual/dev/dev_177.txt,C,B,"['C', 'B', 'A', 'D']",False
87,dev-data/mutual/dev/dev_178.txt,A,A,"['A', 'D', 'C', 'B']",True
88,dev-data/mutual/dev/dev_179.txt,A,A,"['A', 'B', 'D', 'C']",True
89,dev-data/mutual/dev/dev_18.txt,A,D,"['A', 'D', 'B', 'C']",False
90,dev-data/mutual/dev/dev_180.txt,C,C,"['C', 'D', 'B', 'A']",True
91,dev-data/mutual/dev/dev_181.txt,C,D,"['C', 'D', 'A', 'B']",False
92,dev-data/mutual/dev/dev_182.txt,C,B,"['C', 'A', 'B', 'D']",False
93,dev-data/mutual/dev/dev_183.txt,A,D,"['A', 'D', 'B', 'C']",False
94,dev-data/mutual/dev/dev_184.txt,A,B,"['A', 'D', 'B', 'C']",False
95,dev-data/mutual/dev/dev_185.txt,A,B,"['A', 'B', 'D', 'C']",False
96,dev-data/mutual/dev/dev_186.txt,A,C,"['A', 'B', 'C', 'D']",False
97,dev-data/mutual/dev/dev_187.txt,D,A,"['D', 'A', 'C', 'B']",False
98,dev-data/mutual/dev/dev_188.txt,A,D,"['A', 'B', 'C', 'D']",False
99,dev-data/mutual/dev/dev_189.txt,B,D,"['B', 'A', 'D', 'C']",False
100,dev-data/mutual/dev/dev_19.txt,B,C,"['B', 'C', 'A', 'D']",False
101,dev-data/mutual/dev/dev_190.txt,B,A,"['B', 'D', 'A', 'C']",False
102,dev-data/mutual/dev/dev_191.txt,C,A,"['C', 'A', 'B', 'D']",False
103,dev-data/mutual/dev/dev_192.txt,D,C,"['D', 'C', 'A', 'B']",False
104,dev-data/mutual/dev/dev_193.txt,B,A,"['B', 'D', 'A', 'C']",False
105,dev-data/mutual/dev/dev_194.txt,B,C,"['B', 'A', 'D', 'C']",False
106,dev-data/mutual/dev/dev_195.txt,D,D,"['D', 'A', 'C', 'B']",True
107,dev-data/mutual/dev/dev_196.txt,B,C,"['B', 'A', 'C', 'D']",False
108,dev-data/mutual/dev/dev_197.txt,C,D,"['C', 'D', 'B', 'A']",False
109,dev-data/mutual/dev/dev_198.txt,D,A,"['D', 'A', 'C', 'B']",False
110,dev-data/mutual/dev/dev_199.txt,C,C,"['C', 'D', 'A', 'B']",True
111,dev-data/mutual/dev/dev_2.txt,A,C,"['A', 'D', 'C', 'B']",False
112,dev-data/mutual/dev/dev_20.txt,B,C,"['B', 'C', 'A', 'D']",False
113,dev-data/mutual/dev/dev_200.txt,B,C,"['B', 'C', 'A', 'D']",False
114,dev-data/mutual/dev/dev_201.txt,C,C,"['C', 'B', 'D', 'A']",True
115,dev-data/mutual/dev/dev_202.txt,D,C,"['D', 'C', 'B', 'A']",False
116,dev-data/mutual/dev/dev_203.txt,C,A,"['C', 'B', 'D', 'A']",False
117,dev-data/mutual/dev/dev_204.txt,D,B,"['D', 'B', 'C', 'A']",False
118,dev-data/mutual/dev/dev_205.txt,C,A,"['C', 'D', 'A', 'B']",False
119,dev-data/mutual/dev/dev_206.txt,C,D,"['C', 'D', 'B', 'A']",False
120,dev-data/mutual/dev/dev_207.txt,C,A,"['C', 'A', 'D', 'B']",False
121,dev-data/mutual/dev/dev_208.txt,D,B,"['D', 'B', 'C', 'A']",False
122,dev-data/mutual/dev/dev_209.txt,A,D,"['A', 'D', 'B', 'C']",False
123,dev-data/mutual/dev/dev_21.txt,B,C,"['B', 'A', 'C', 'D']",False
124,dev-data/mutual/dev/dev_210.txt,B,B,"['B', 'C', 'A', 'D']",True
125,dev-data/mutual/dev/dev_211.txt,B,D,"['B', 'D', 'C', 'A']",False
126,dev-data/mutual/dev/dev_212.txt,D,D,"['D', 'A', 'B', 'C']",True
127,dev-data/mutual/dev/dev_213.txt,A,A,"['A', 'B', 'C', 'D']",True
128,dev-data/mutual/dev/dev_214.txt,A,B,"['A', 'B', 'D', 'C']",False
129,dev-data/mutual/dev/dev_215.txt,B,D,"['B', 'C', 'A', 'D']",False
130,dev-data/mutual/dev/dev_216.txt,A,A,"['A', 'D', 'C', 'B']",True
131,dev-data/mutual/dev/dev_217.txt,C,D,"['C', 'A', 'B', 'D']",False
132,dev-data/mutual/dev/dev_218.txt,C,D,"['C', 'D', 'B', 'A']",False
133,dev-data/mutual/dev/dev_219.txt,B,B,"['B', 'C', 'D', 'A']",True
134,dev-data/mutual/dev/dev_22.txt,D,B,"['D', 'A', 'C', 'B']",False
135,dev-data/mutual/dev/dev_220.txt,D,D,"['D', 'B', 'A', 'C']",True
136,dev-data/mutual/dev/dev_221.txt,D,D,"['D', 'B', 'C', 'A']",True
137,dev-data/mutual/dev/dev_222.txt,A,B,"['A', 'D', 'B', 'C']",False
138,dev-data/mutual/dev/dev_223.txt,B,D,"['B', 'C', 'D', 'A']",False
139,dev-data/mutual/dev/dev_224.txt,D,A,"['D', 'C', 'B', 'A']",False
140,dev-data/mutual/dev/dev_225.txt,B,D,"['B', 'A', 'C', 'D']",False
141,dev-data/mutual/dev/dev_226.txt,D,A,"['D', 'A', 'C', 'B']",False
142,dev-data/mutual/dev/dev_227.txt,A,B,"['A', 'B', 'D', 'C']",False
143,dev-data/mutual/dev/dev_228.txt,C,B,"['C', 'B', 'D', 'A']",False
144,dev-data/mutual/dev/dev_229.txt,D,D,"['D', 'A', 'B', 'C']",True
145,dev-data/mutual/dev/dev_23.txt,C,D,"['C', 'B', 'D', 'A']",False
146,dev-data/mutual/dev/dev_230.txt,A,A,"['A', 'B', 'C', 'D']",True
147,dev-data/mutual/dev/dev_231.txt,D,A,"['D', 'A', 'C', 'B']",False
148,dev-data/mutual/dev/dev_232.txt,B,B,"['B', 'A', 'D', 'C']",True
149,dev-data/mutual/dev/dev_233.txt,D,D,"['D', 'C', 'B', 'A']",True
150,dev-data/mutual/dev/dev_234.txt,D,A,"['D', 'B', 'A', 'C']",False
151,dev-data/mutual/dev/dev_235.txt,A,D,"['A', 'C', 'D', 'B']",False
152,dev-data/mutual/dev/dev_236.txt,A,C,"['A', 'D', 'B', 'C']",False
153,dev-data/mutual/dev/dev_237.txt,C,D,"['C', 'D', 'A', 'B']",False
154,dev-data/mutual/dev/dev_238.txt,B,D,"['B', 'D', 'A', 'C']",False
155,dev-data/mutual/dev/dev_239.txt,A,A,"['A', 'B', 'C', 'D']",True
156,dev-data/mutual/dev/dev_24.txt,B,C,"['B', 'D', 'A', 'C']",False
157,dev-data/mutual/dev/dev_240.txt,C,A,"['C', 'B', 'A', 'D']",False
158,dev-data/mutual/dev/dev_241.txt,C,A,"['C', 'D', 'A', 'B']",False
159,dev-data/mutual/dev/dev_242.txt,D,B,"['D', 'B', 'A', 'C']",False
160,dev-data/mutual/dev/dev_243.txt,D,D,"['D', 'C', 'B', 'A']",True
161,dev-data/mutual/dev/dev_244.txt,B,D,"['B', 'A', 'D', 'C']",False
162,dev-data/mutual/dev/dev_245.txt,A,D,"['A', 'D', 'C', 'B']",False
163,dev-data/mutual/dev/dev_246.txt,A,B,"['A', 'B', 'D', 'C']",False
164,dev-data/mutual/dev/dev_247.txt,A,D,"['A', 'D', 'C', 'B']",False
165,dev-data/mutual/dev/dev_248.txt,B,B,"['B', 'A', 'D', 'C']",True
166,dev-data/mutual/dev/dev_249.txt,B,B,"['B', 'C', 'A', 'D']",True
167,dev-data/mutual/dev/dev_25.txt,B,C,"['B', 'C', 'A', 'D']",False
168,dev-data/mutual/dev/dev_250.txt,A,D,"['A', 'B', 'C', 'D']",False
169,dev-data/mutual/dev/dev_251.txt,A,C,"['A', 'D', 'B', 'C']",False
170,dev-data/mutual/dev/dev_252.txt,D,D,"['D', 'C', 'A', 'B']",True
171,dev-data/mutual/dev/dev_253.txt,D,C,"['D', 'A', 'C', 'B']",False
172,dev-data/mutual/dev/dev_254.txt,A,D,"['A', 'D', 'C', 'B']",False
173,dev-data/mutual/dev/dev_255.txt,A,B,"['A', 'C', 'B', 'D']",False
174,dev-data/mutual/dev/dev_256.txt,A,A,"['A', 'C', 'B', 'D']",True
175,dev-data/mutual/dev/dev_257.txt,B,A,"['B', 'A', 'D', 'C']",False
176,dev-data/mutual/dev/dev_258.txt,D,D,"['D', 'B', 'A', 'C']",True
177,dev-data/mutual/dev/dev_259.txt,D,B,"['D', 'C', 'B', 'A']",False
178,dev-data/mutual/dev/dev_26.txt,B,A,"['B', 'A', 'C', 'D']",False
179,dev-data/mutual/dev/dev_260.txt,A,A,"['A', 'B', 'D', 'C']",True
180,dev-data/mutual/dev/dev_261.txt,C,A,"['C', 'D', 'B', 'A']",False
181,dev-data/mutual/dev/dev_262.txt,B,D,"['B', 'C', 'D', 'A']",False
182,dev-data/mutual/dev/dev_263.txt,B,B,"['B', 'D', 'C', 'A']",True
183,dev-data/mutual/dev/dev_264.txt,D,A,"['D', 'C', 'A', 'B']",False
184,dev-data/mutual/dev/dev_265.txt,C,A,"['C', 'D', 'B', 'A']",False
185,dev-data/mutual/dev/dev_266.txt,D,D,"['D', 'C', 'A', 'B']",True
186,dev-data/mutual/dev/dev_267.txt,B,A,"['B', 'C', 'A', 'D']",False
187,dev-data/mutual/dev/dev_268.txt,A,A,"['A', 'C', 'D', 'B']",True
188,dev-data/mutual/dev/dev_269.txt,A,B,"['A', 'C', 'D', 'B']",False
189,dev-data/mutual/dev/dev_27.txt,C,A,"['C', 'D', 'A', 'B']",False
190,dev-data/mutual/dev/dev_270.txt,C,B,"['C', 'D', 'B', 'A']",False
191,dev-data/mutual/dev/dev_271.txt,C,A,"['C', 'D', 'B', 'A']",False
192,dev-data/mutual/dev/dev_272.txt,C,B,"['C', 'D', 'A', 'B']",False
193,dev-data/mutual/dev/dev_273.txt,C,B,"['C', 'A', 'D', 'B']",False
194,dev-data/mutual/dev/dev_274.txt,B,C,"['B', 'C', 'D', 'A']",False
195,dev-data/mutual/dev/dev_275.txt,B,A,"['B', 'C', 'A', 'D']",False
196,dev-data/mutual/dev/dev_276.txt,D,D,"['D', 'C', 'A', 'B']",True
197,dev-data/mutual/dev/dev_277.txt,C,C,"['C', 'A', 'D', 'B']",True
198,dev-data/mutual/dev/dev_278.txt,C,D,"['C', 'D', 'A', 'B']",False
199,dev-data/mutual/dev/dev_279.txt,D,D,"['D', 'C', 'B', 'A']",True
200,dev-data/mutual/dev/dev_28.txt,A,C,"['A', 'C', 'D', 'B']",False
201,dev-data/mutual/dev/dev_280.txt,D,D,"['D', 'C', 'B', 'A']",True
202,dev-data/mutual/dev/dev_281.txt,C,D,"['C', 'D', 'B', 'A']",False
203,dev-data/mutual/dev/dev_282.txt,A,A,"['A', 'D', 'C', 'B']",True
204,dev-data/mutual/dev/dev_283.txt,C,A,"['C', 'D', 'B', 'A']",False
205,dev-data/mutual/dev/dev_284.txt,A,D,"['A', 'B', 'D', 'C']",False
206,dev-data/mutual/dev/dev_285.txt,C,B,"['C', 'D', 'A', 'B']",False
207,dev-data/mutual/dev/dev_286.txt,A,C,"['A', 'D', 'B', 'C']",False
208,dev-data/mutual/dev/dev_287.txt,C,C,"['C', 'D', 'A', 'B']",True
209,dev-data/mutual/dev/dev_288.txt,A,D,"['A', 'C', 'B', 'D']",False
210,dev-data/mutual/dev/dev_289.txt,D,D,"['D', 'A', 'B', 'C']",True
211,dev-data/mutual/dev/dev_29.txt,C,D,"['C', 'B', 'D', 'A']",False
212,dev-data/mutual/dev/dev_290.txt,B,D,"['B', 'D', 'A', 'C']",False
213,dev-data/mutual/dev/dev_291.txt,D,B,"['D', 'C', 'B', 'A']",False
214,dev-data/mutual/dev/dev_292.txt,D,C,"['D', 'C', 'B', 'A']",False
215,dev-data/mutual/dev/dev_293.txt,C,A,"['C', 'D', 'B', 'A']",False
216,dev-data/mutual/dev/dev_294.txt,C,A,"['C', 'A', 'B', 'D']",False
217,dev-data/mutual/dev/dev_295.txt,A,C,"['A', 'D', 'B', 'C']",False
218,dev-data/mutual/dev/dev_296.txt,B,B,"['B', 'A', 'C', 'D']",True
219,dev-data/mutual/dev/dev_297.txt,C,B,"['C', 'B', 'A', 'D']",False
220,dev-data/mutual/dev/dev_298.txt,C,D,"['C', 'B', 'A', 'D']",False
221,dev-data/mutual/dev/dev_299.txt,C,C,"['C', 'B', 'A', 'D']",True
222,dev-data/mutual/dev/dev_3.txt,D,C,"['D', 'B', 'C', 'A']",False
223,dev-data/mutual/dev/dev_30.txt,D,B,"['D', 'C', 'A', 'B']",False
224,dev-data/mutual/dev/dev_300.txt,A,D,"['A', 'B', 'D', 'C']",False
225,dev-data/mutual/dev/dev_301.txt,D,D,"['D', 'B', 'A', 'C']",True
226,dev-data/mutual/dev/dev_302.txt,B,D,"['B', 'A', 'D', 'C']",False
227,dev-data/mutual/dev/dev_303.txt,C,D,"['C', 'B', 'A', 'D']",False
228,dev-data/mutual/dev/dev_304.txt,B,D,"['B', 'D', 'C', 'A']",False
229,dev-data/mutual/dev/dev_305.txt,D,D,"['D', 'B', 'A', 'C']",True
230,dev-data/mutual/dev/dev_306.txt,B,C,"['B', 'A', 'C', 'D']",False
231,dev-data/mutual/dev/dev_307.txt,B,D,"['B', 'A', 'C', 'D']",False
232,dev-data/mutual/dev/dev_308.txt,B,D,"['B', 'C', 'A', 'D']",False
233,dev-data/mutual/dev/dev_309.txt,B,A,"['B', 'D', 'A', 'C']",False
234,dev-data/mutual/dev/dev_31.txt,D,A,"['D', 'B', 'A', 'C']",False
235,dev-data/mutual/dev/dev_310.txt,A,D,"['A', 'D', 'B', 'C']",False
236,dev-data/mutual/dev/dev_311.txt,B,C,"['B', 'A', 'D', 'C']",False
237,dev-data/mutual/dev/dev_312.txt,A,B,"['A', 'B', 'D', 'C']",False
238,dev-data/mutual/dev/dev_313.txt,D,D,"['D', 'C', 'A', 'B']",True
239,dev-data/mutual/dev/dev_314.txt,A,A,"['A', 'B', 'C', 'D']",True
240,dev-data/mutual/dev/dev_315.txt,D,A,"['D', 'C', 'B', 'A']",False
241,dev-data/mutual/dev/dev_316.txt,C,D,"['C', 'D', 'A', 'B']",False
242,dev-data/mutual/dev/dev_317.txt,C,D,"['C', 'D', 'A', 'B']",False
243,dev-data/mutual/dev/dev_318.txt,B,B,"['B', 'D', 'C', 'A']",True
244,dev-data/mutual/dev/dev_319.txt,D,C,"['D', 'C', 'A', 'B']",False
245,dev-data/mutual/dev/dev_32.txt,D,A,"['D', 'A', 'B', 'C']",False
246,dev-data/mutual/dev/dev_320.txt,D,D,"['D', 'B', 'C', 'A']",True
247,dev-data/mutual/dev/dev_321.txt,D,D,"['D', 'B', 'C', 'A']",True
248,dev-data/mutual/dev/dev_322.txt,C,B,"['C', 'D', 'A', 'B']",False
249,dev-data/mutual/dev/dev_323.txt,A,B,"['A', 'C', 'D', 'B']",False
250,dev-data/mutual/dev/dev_324.txt,D,B,"['D', 'B', 'A', 'C']",False
251,dev-data/mutual/dev/dev_325.txt,B,A,"['B', 'C', 'D', 'A']",False
252,dev-data/mutual/dev/dev_326.txt,B,C,"['B', 'C', 'D', 'A']",False
253,dev-data/mutual/dev/dev_327.txt,B,B,"['B', 'A', 'D', 'C']",True
254,dev-data/mutual/dev/dev_328.txt,A,D,"['A', 'C', 'B', 'D']",False
255,dev-data/mutual/dev/dev_329.txt,D,C,"['D', 'B', 'C', 'A']",False
256,dev-data/mutual/dev/dev_33.txt,A,B,"['A', 'D', 'B', 'C']",False
257,dev-data/mutual/dev/dev_330.txt,B,C,"['B', 'C', 'A', 'D']",False
258,dev-data/mutual/dev/dev_331.txt,A,B,"['A', 'C', 'B', 'D']",False
259,dev-data/mutual/dev/dev_332.txt,B,C,"['B', 'C', 'D', 'A']",False
260,dev-data/mutual/dev/dev_333.txt,C,C,"['C', 'B', 'A', 'D']",True
261,dev-data/mutual/dev/dev_334.txt,C,B,"['C', 'B', 'D', 'A']",False
262,dev-data/mutual/dev/dev_335.txt,D,B,"['D', 'A', 'C', 'B']",False
263,dev-data/mutual/dev/dev_336.txt,C,B,"['C', 'B', 'D', 'A']",False
264,dev-data/mutual/dev/dev_337.txt,A,C,"['A', 'C', 'D', 'B']",False
265,dev-data/mutual/dev/dev_338.txt,B,C,"['B', 'A', 'D', 'C']",False
266,dev-data/mutual/dev/dev_339.txt,A,D,"['A', 'D', 'B', 'C']",False
267,dev-data/mutual/dev/dev_34.txt,A,A,"['A', 'C', 'D', 'B']",True
268,dev-data/mutual/dev/dev_340.txt,D,D,"['D', 'A', 'C', 'B']",True
269,dev-data/mutual/dev/dev_341.txt,B,B,"['B', 'C', 'D', 'A']",True
270,dev-data/mutual/dev/dev_342.txt,C,D,"['C', 'D', 'A', 'B']",False
271,dev-data/mutual/dev/dev_343.txt,B,A,"['B', 'D', 'A', 'C']",False
272,dev-data/mutual/dev/dev_344.txt,B,C,"['B', 'D', 'A', 'C']",False
273,dev-data/mutual/dev/dev_345.txt,D,D,"['D', 'A', 'C', 'B']",True
274,dev-data/mutual/dev/dev_346.txt,C,B,"['C', 'D', 'A', 'B']",False
275,dev-data/mutual/dev/dev_347.txt,A,C,"['A', 'D', 'C', 'B']",False
276,dev-data/mutual/dev/dev_348.txt,C,A,"['C', 'D', 'B', 'A']",False
277,dev-data/mutual/dev/dev_349.txt,D,D,"['D', 'A', 'C', 'B']",True
278,dev-data/mutual/dev/dev_35.txt,D,A,"['D', 'B', 'A', 'C']",False
279,dev-data/mutual/dev/dev_350.txt,C,C,"['C', 'B', 'D', 'A']",True
280,dev-data/mutual/dev/dev_351.txt,A,A,"['A', 'B', 'C', 'D']",True
281,dev-data/mutual/dev/dev_352.txt,B,B,"['B', 'D', 'C', 'A']",True
282,dev-data/mutual/dev/dev_353.txt,D,B,"['D', 'A', 'C', 'B']",False
283,dev-data/mutual/dev/dev_354.txt,D,D,"['D', 'B', 'A', 'C']",True
284,dev-data/mutual/dev/dev_355.txt,D,B,"['D', 'B', 'A', 'C']",False
285,dev-data/mutual/dev/dev_356.txt,D,A,"['D', 'C', 'A', 'B']",False
286,dev-data/mutual/dev/dev_357.txt,D,B,"['D', 'A', 'B', 'C']",False
287,dev-data/mutual/dev/dev_358.txt,C,B,"['C', 'A', 'B', 'D']",False
288,dev-data/mutual/dev/dev_359.txt,D,C,"['D', 'A', 'B', 'C']",False
289,dev-data/mutual/dev/dev_36.txt,C,D,"['C', 'A', 'D', 'B']",False
290,dev-data/mutual/dev/dev_360.txt,C,A,"['C', 'B', 'D', 'A']",False
291,dev-data/mutual/dev/dev_361.txt,C,B,"['C', 'B', 'A', 'D']",False
292,dev-data/mutual/dev/dev_362.txt,B,D,"['B', 'A', 'D', 'C']",False
293,dev-data/mutual/dev/dev_363.txt,B,D,"['B', 'A', 'D', 'C']",False
294,dev-data/mutual/dev/dev_364.txt,A,D,"['A', 'D', 'C', 'B']",False
295,dev-data/mutual/dev/dev_365.txt,D,C,"['D', 'C', 'A', 'B']",False
296,dev-data/mutual/dev/dev_366.txt,A,B,"['A', 'B', 'C', 'D']",False
297,dev-data/mutual/dev/dev_367.txt,B,A,"['B', 'D', 'C', 'A']",False
298,dev-data/mutual/dev/dev_368.txt,A,A,"['A', 'C', 'B', 'D']",True
299,dev-data/mutual/dev/dev_369.txt,A,C,"['A', 'B', 'C', 'D']",False
300,dev-data/mutual/dev/dev_37.txt,C,A,"['C', 'D', 'B', 'A']",False
301,dev-data/mutual/dev/dev_370.txt,D,D,"['D', 'C', 'A', 'B']",True
302,dev-data/mutual/dev/dev_371.txt,C,D,"['C', 'B', 'D', 'A']",False
303,dev-data/mutual/dev/dev_372.txt,C,D,"['C', 'B', 'D', 'A']",False
304,dev-data/mutual/dev/dev_373.txt,D,D,"['D', 'C', 'A', 'B']",True
305,dev-data/mutual/dev/dev_374.txt,A,B,"['A', 'D', 'C', 'B']",False
306,dev-data/mutual/dev/dev_375.txt,B,B,"['B', 'D', 'C', 'A']",True
307,dev-data/mutual/dev/dev_376.txt,A,B,"['A', 'B', 'C', 'D']",False
308,dev-data/mutual/dev/dev_377.txt,B,B,"['B', 'D', 'C', 'A']",True
309,dev-data/mutual/dev/dev_378.txt,A,A,"['A', 'D', 'C', 'B']",True
310,dev-data/mutual/dev/dev_379.txt,D,A,"['D', 'C', 'A', 'B']",False
311,dev-data/mutual/dev/dev_38.txt,A,C,"['A', 'D', 'C', 'B']",False
312,dev-data/mutual/dev/dev_380.txt,B,A,"['B', 'A', 'D', 'C']",False
313,dev-data/mutual/dev/dev_381.txt,A,A,"['A', 'C', 'D', 'B']",True
314,dev-data/mutual/dev/dev_382.txt,B,D,"['B', 'C', 'D', 'A']",False
315,dev-data/mutual/dev/dev_383.txt,D,A,"['D', 'C', 'A', 'B']",False
316,dev-data/mutual/dev/dev_384.txt,D,A,"['D', 'C', 'A', 'B']",False
317,dev-data/mutual/dev/dev_385.txt,D,D,"['D', 'B', 'A', 'C']",True
318,dev-data/mutual/dev/dev_386.txt,A,D,"['A', 'C', 'B', 'D']",False
319,dev-data/mutual/dev/dev_387.txt,B,B,"['B', 'A', 'D', 'C']",True
320,dev-data/mutual/dev/dev_388.txt,C,D,"['C', 'D', 'A', 'B']",False
321,dev-data/mutual/dev/dev_389.txt,A,D,"['A', 'D', 'B', 'C']",False
322,dev-data/mutual/dev/dev_39.txt,D,D,"['D', 'B', 'C', 'A']",True
323,dev-data/mutual/dev/dev_390.txt,B,B,"['B', 'A', 'D', 'C']",True
324,dev-data/mutual/dev/dev_391.txt,B,A,"['B', 'A', 'D', 'C']",False
325,dev-data/mutual/dev/dev_392.txt,D,C,"['D', 'A', 'C', 'B']",False
326,dev-data/mutual/dev/dev_393.txt,A,C,"['A', 'C', 'B', 'D']",False
327,dev-data/mutual/dev/dev_394.txt,A,B,"['A', 'B', 'C', 'D']",False
328,dev-data/mutual/dev/dev_395.txt,A,C,"['A', 'C', 'D', 'B']",False
329,dev-data/mutual/dev/dev_396.txt,A,C,"['A', 'C', 'D', 'B']",False
330,dev-data/mutual/dev/dev_397.txt,B,A,"['B', 'D', 'A', 'C']",False
331,dev-data/mutual/dev/dev_398.txt,A,D,"['A', 'D', 'C', 'B']",False
332,dev-data/mutual/dev/dev_399.txt,A,C,"['A', 'B', 'C', 'D']",False
333,dev-data/mutual/dev/dev_4.txt,D,C,"['D', 'C', 'A', 'B']",False
334,dev-data/mutual/dev/dev_40.txt,D,C,"['D', 'B', 'A', 'C']",False
335,dev-data/mutual/dev/dev_400.txt,A,C,"['A', 'C', 'B', 'D']",False
336,dev-data/mutual/dev/dev_401.txt,B,D,"['B', 'D', 'C', 'A']",False
337,dev-data/mutual/dev/dev_402.txt,A,C,"['A', 'B', 'C', 'D']",False
338,dev-data/mutual/dev/dev_403.txt,C,D,"['C', 'D', 'B', 'A']",False
339,dev-data/mutual/dev/dev_404.txt,A,C,"['A', 'D', 'B', 'C']",False
340,dev-data/mutual/dev/dev_405.txt,A,D,"['A', 'C', 'D', 'B']",False
341,dev-data/mutual/dev/dev_406.txt,B,A,"['B', 'C', 'A', 'D']",False
342,dev-data/mutual/dev/dev_407.txt,C,C,"['C', 'B', 'D', 'A']",True
343,dev-data/mutual/dev/dev_408.txt,D,B,"['D', 'C', 'A', 'B']",False
344,dev-data/mutual/dev/dev_409.txt,A,C,"['A', 'C', 'B', 'D']",False
345,dev-data/mutual/dev/dev_41.txt,C,B,"['C', 'A', 'B', 'D']",False
346,dev-data/mutual/dev/dev_410.txt,A,D,"['A', 'B', 'D', 'C']",False
347,dev-data/mutual/dev/dev_411.txt,A,A,"['A', 'B', 'D', 'C']",True
348,dev-data/mutual/dev/dev_412.txt,A,D,"['A', 'B', 'D', 'C']",False
349,dev-data/mutual/dev/dev_413.txt,A,A,"['A', 'C', 'B', 'D']",True
350,dev-data/mutual/dev/dev_414.txt,B,C,"['B', 'A', 'D', 'C']",False
351,dev-data/mutual/dev/dev_415.txt,B,A,"['B', 'C', 'A', 'D']",False
352,dev-data/mutual/dev/dev_416.txt,A,D,"['A', 'B', 'C', 'D']",False
353,dev-data/mutual/dev/dev_417.txt,A,C,"['A', 'D', 'B', 'C']",False
354,dev-data/mutual/dev/dev_418.txt,C,B,"['C', 'A', 'D', 'B']",False
355,dev-data/mutual/dev/dev_419.txt,C,C,"['C', 'A', 'B', 'D']",True
356,dev-data/mutual/dev/dev_42.txt,D,D,"['D', 'B', 'C', 'A']",True
357,dev-data/mutual/dev/dev_420.txt,B,D,"['B', 'C', 'A', 'D']",False
358,dev-data/mutual/dev/dev_421.txt,A,C,"['A', 'B', 'C', 'D']",False
359,dev-data/mutual/dev/dev_422.txt,C,C,"['C', 'B', 'A', 'D']",True
360,dev-data/mutual/dev/dev_423.txt,A,A,"['A', 'B', 'C', 'D']",True
361,dev-data/mutual/dev/dev_424.txt,C,A,"['C', 'D', 'A', 'B']",False
362,dev-data/mutual/dev/dev_425.txt,B,D,"['B', 'A', 'C', 'D']",False
363,dev-data/mutual/dev/dev_426.txt,A,B,"['A', 'B', 'C', 'D']",False
364,dev-data/mutual/dev/dev_427.txt,C,A,"['C', 'D', 'B', 'A']",False
365,dev-data/mutual/dev/dev_428.txt,D,B,"['D', 'B', 'C', 'A']",False
366,dev-data/mutual/dev/dev_429.txt,B,B,"['B', 'D', 'A', 'C']",True
367,dev-data/mutual/dev/dev_43.txt,C,C,"['C', 'A', 'D', 'B']",True
368,dev-data/mutual/dev/dev_430.txt,C,A,"['C', 'B', 'A', 'D']",False
369,dev-data/mutual/dev/dev_431.txt,C,B,"['C', 'B', 'D', 'A']",False
370,dev-data/mutual/dev/dev_432.txt,A,B,"['A', 'B', 'D', 'C']",False
371,dev-data/mutual/dev/dev_433.txt,A,C,"['A', 'D', 'B', 'C']",False
372,dev-data/mutual/dev/dev_434.txt,A,A,"['A', 'B', 'D', 'C']",True
373,dev-data/mutual/dev/dev_435.txt,A,B,"['A', 'B', 'C', 'D']",False
374,dev-data/mutual/dev/dev_436.txt,C,C,"['C', 'A', 'D', 'B']",True
375,dev-data/mutual/dev/dev_437.txt,D,D,"['D', 'C', 'A', 'B']",True
376,dev-data/mutual/dev/dev_438.txt,B,B,"['B', 'C', 'D', 'A']",True
377,dev-data/mutual/dev/dev_439.txt,B,A,"['B', 'A', 'D', 'C']",False
378,dev-data/mutual/dev/dev_44.txt,C,A,"['C', 'D', 'A', 'B']",False
379,dev-data/mutual/dev/dev_440.txt,A,A,"['A', 'B', 'C', 'D']",True
380,dev-data/mutual/dev/dev_441.txt,B,B,"['B', 'A', 'D', 'C']",True
381,dev-data/mutual/dev/dev_442.txt,C,D,"['C', 'B', 'D', 'A']",False
382,dev-data/mutual/dev/dev_443.txt,B,C,"['B', 'A', 'C', 'D']",False
383,dev-data/mutual/dev/dev_444.txt,B,D,"['B', 'A', 'D', 'C']",False
384,dev-data/mutual/dev/dev_445.txt,C,D,"['C', 'D', 'B', 'A']",False
385,dev-data/mutual/dev/dev_446.txt,A,A,"['A', 'C', 'B', 'D']",True
386,dev-data/mutual/dev/dev_447.txt,C,D,"['C', 'D', 'A', 'B']",False
387,dev-data/mutual/dev/dev_448.txt,C,B,"['C', 'A', 'B', 'D']",False
388,dev-data/mutual/dev/dev_449.txt,B,A,"['B', 'D', 'A', 'C']",False
389,dev-data/mutual/dev/dev_45.txt,C,A,"['C', 'A', 'B', 'D']",False
390,dev-data/mutual/dev/dev_450.txt,D,A,"['D', 'B', 'A', 'C']",False
391,dev-data/mutual/dev/dev_451.txt,A,D,"['A', 'C', 'D', 'B']",False
392,dev-data/mutual/dev/dev_452.txt,A,B,"['A', 'C', 'B', 'D']",False
393,dev-data/mutual/dev/dev_453.txt,A,A,"['A', 'B', 'D', 'C']",True
394,dev-data/mutual/dev/dev_454.txt,A,A,"['A', 'C', 'D', 'B']",True
395,dev-data/mutual/dev/dev_455.txt,C,D,"['C', 'D', 'B', 'A']",False
396,dev-data/mutual/dev/dev_456.txt,D,A,"['D', 'A', 'B', 'C']",False
397,dev-data/mutual/dev/dev_457.txt,A,D,"['A', 'B', 'C', 'D']",False
398,dev-data/mutual/dev/dev_458.txt,A,D,"['A', 'D', 'C', 'B']",False
399,dev-data/mutual/dev/dev_459.txt,C,B,"['C', 'B', 'D', 'A']",False
400,dev-data/mutual/dev/dev_46.txt,A,C,"['A', 'D', 'C', 'B']",False
401,dev-data/mutual/dev/dev_460.txt,C,C,"['C', 'D', 'A', 'B']",True
402,dev-data/mutual/dev/dev_461.txt,B,B,"['B', 'D', 'A', 'C']",True
403,dev-data/mutual/dev/dev_462.txt,C,D,"['C', 'B', 'D', 'A']",False
404,dev-data/mutual/dev/dev_463.txt,C,B,"['C', 'B', 'D', 'A']",False
405,dev-data/mutual/dev/dev_464.txt,B,B,"['B', 'D', 'A', 'C']",True
406,dev-data/mutual/dev/dev_465.txt,B,B,"['B', 'D', 'C', 'A']",True
407,dev-data/mutual/dev/dev_466.txt,B,A,"['B', 'C', 'D', 'A']",False
408,dev-data/mutual/dev/dev_467.txt,B,A,"['B', 'D', 'A', 'C']",False
409,dev-data/mutual/dev/dev_468.txt,D,D,"['D', 'B', 'C', 'A']",True
410,dev-data/mutual/dev/dev_469.txt,C,D,"['C', 'A', 'D', 'B']",False
411,dev-data/mutual/dev/dev_47.txt,C,C,"['C', 'D', 'A', 'B']",True
412,dev-data/mutual/dev/dev_470.txt,A,A,"['A', 'C', 'B', 'D']",True
413,dev-data/mutual/dev/dev_471.txt,C,A,"['C', 'B', 'D', 'A']",False
414,dev-data/mutual/dev/dev_472.txt,C,C,"['C', 'D', 'A', 'B']",True
415,dev-data/mutual/dev/dev_473.txt,B,A,"['B', 'A', 'D', 'C']",False
416,dev-data/mutual/dev/dev_474.txt,D,C,"['D', 'A', 'C', 'B']",False
417,dev-data/mutual/dev/dev_475.txt,C,C,"['C', 'B', 'A', 'D']",True
418,dev-data/mutual/dev/dev_476.txt,D,D,"['D', 'B', 'A', 'C']",True
419,dev-data/mutual/dev/dev_477.txt,B,B,"['B', 'C', 'D', 'A']",True
420,dev-data/mutual/dev/dev_478.txt,D,A,"['D', 'C', 'B', 'A']",False
421,dev-data/mutual/dev/dev_479.txt,D,B,"['D', 'B', 'C', 'A']",False
422,dev-data/mutual/dev/dev_48.txt,D,B,"['D', 'A', 'C', 'B']",False
423,dev-data/mutual/dev/dev_480.txt,D,A,"['D', 'B', 'A', 'C']",False
424,dev-data/mutual/dev/dev_481.txt,A,A,"['A', 'B', 'D', 'C']",True
425,dev-data/mutual/dev/dev_482.txt,B,A,"['B', 'D', 'C', 'A']",False
426,dev-data/mutual/dev/dev_483.txt,A,D,"['A', 'D', 'C', 'B']",False
427,dev-data/mutual/dev/dev_484.txt,C,B,"['C', 'A', 'D', 'B']",False
428,dev-data/mutual/dev/dev_485.txt,A,A,"['A', 'B', 'D', 'C']",True
429,dev-data/mutual/dev/dev_486.txt,A,A,"['A', 'D', 'B', 'C']",True
430,dev-data/mutual/dev/dev_487.txt,A,D,"['A', 'D', 'C', 'B']",False
431,dev-data/mutual/dev/dev_488.txt,B,B,"['B', 'C', 'D', 'A']",True
432,dev-data/mutual/dev/dev_489.txt,A,D,"['A', 'D', 'C', 'B']",False
433,dev-data/mutual/dev/dev_49.txt,D,D,"['D', 'A', 'C', 'B']",True
434,dev-data/mutual/dev/dev_490.txt,A,D,"['A', 'D', 'B', 'C']",False
435,dev-data/mutual/dev/dev_491.txt,D,B,"['D', 'A', 'B', 'C']",False
436,dev-data/mutual/dev/dev_492.txt,D,D,"['D', 'B', 'C', 'A']",True
437,dev-data/mutual/dev/dev_493.txt,B,A,"['B', 'D', 'C', 'A']",False
438,dev-data/mutual/dev/dev_494.txt,C,C,"['C', 'B', 'A', 'D']",True
439,dev-data/mutual/dev/dev_495.txt,B,C,"['B', 'D', 'C', 'A']",False
440,dev-data/mutual/dev/dev_496.txt,A,D,"['A', 'D', 'C', 'B']",False
441,dev-data/mutual/dev/dev_497.txt,C,B,"['C', 'A', 'B', 'D']",False
442,dev-data/mutual/dev/dev_498.txt,C,C,"['C', 'A', 'D', 'B']",True
443,dev-data/mutual/dev/dev_499.txt,A,D,"['A', 'C', 'B', 'D']",False
444,dev-data/mutual/dev/dev_5.txt,D,C,"['D', 'A', 'B', 'C']",False
445,dev-data/mutual/dev/dev_50.txt,A,C,"['A', 'B', 'D', 'C']",False
446,dev-data/mutual/dev/dev_500.txt,B,C,"['B', 'D', 'C', 'A']",False
447,dev-data/mutual/dev/dev_501.txt,C,B,"['C', 'D', 'B', 'A']",False
448,dev-data/mutual/dev/dev_502.txt,C,A,"['C', 'A', 'B', 'D']",False
449,dev-data/mutual/dev/dev_503.txt,A,C,"['A', 'B', 'D', 'C']",False
450,dev-data/mutual/dev/dev_504.txt,B,B,"['B', 'C', 'D', 'A']",True
451,dev-data/mutual/dev/dev_505.txt,C,C,"['C', 'B', 'D', 'A']",True
452,dev-data/mutual/dev/dev_506.txt,B,B,"['B', 'C', 'A', 'D']",True
453,dev-data/mutual/dev/dev_507.txt,C,C,"['C', 'B', 'A', 'D']",True
454,dev-data/mutual/dev/dev_508.txt,A,C,"['A', 'B', 'C', 'D']",False
455,dev-data/mutual/dev/dev_509.txt,A,C,"['A', 'C', 'B', 'D']",False
456,dev-data/mutual/dev/dev_51.txt,D,B,"['D', 'A', 'B', 'C']",False
457,dev-data/mutual/dev/dev_510.txt,C,C,"['C', 'D', 'A', 'B']",True
458,dev-data/mutual/dev/dev_511.txt,A,B,"['A', 'C', 'B', 'D']",False
459,dev-data/mutual/dev/dev_512.txt,A,D,"['A', 'C', 'B', 'D']",False
460,dev-data/mutual/dev/dev_513.txt,B,D,"['B', 'D', 'A', 'C']",False
461,dev-data/mutual/dev/dev_514.txt,D,C,"['D', 'B', 'A', 'C']",False
462,dev-data/mutual/dev/dev_515.txt,D,D,"['D', 'C', 'B', 'A']",True
463,dev-data/mutual/dev/dev_516.txt,C,C,"['C', 'A', 'B', 'D']",True
464,dev-data/mutual/dev/dev_517.txt,C,B,"['C', 'D', 'B', 'A']",False
465,dev-data/mutual/dev/dev_518.txt,B,C,"['B', 'C', 'D', 'A']",False
466,dev-data/mutual/dev/dev_519.txt,D,B,"['D', 'C', 'B', 'A']",False
467,dev-data/mutual/dev/dev_52.txt,A,C,"['A', 'B', 'D', 'C']",False
468,dev-data/mutual/dev/dev_520.txt,D,B,"['D', 'A', 'C', 'B']",False
469,dev-data/mutual/dev/dev_521.txt,D,C,"['D', 'A', 'C', 'B']",False
470,dev-data/mutual/dev/dev_522.txt,A,A,"['A', 'C', 'B', 'D']",True
471,dev-data/mutual/dev/dev_523.txt,A,C,"['A', 'B', 'D', 'C']",False
472,dev-data/mutual/dev/dev_524.txt,C,D,"['C', 'A', 'B', 'D']",False
473,dev-data/mutual/dev/dev_525.txt,D,D,"['D', 'A', 'B', 'C']",True
474,dev-data/mutual/dev/dev_526.txt,B,B,"['B', 'C', 'D', 'A']",True
475,dev-data/mutual/dev/dev_527.txt,D,C,"['D', 'C', 'A', 'B']",False
476,dev-data/mutual/dev/dev_528.txt,D,A,"['D', 'B', 'C', 'A']",False
477,dev-data/mutual/dev/dev_529.txt,C,B,"['C', 'B', 'D', 'A']",False
478,dev-data/mutual/dev/dev_53.txt,A,D,"['A', 'C', 'D', 'B']",False
479,dev-data/mutual/dev/dev_530.txt,A,D,"['A', 'B', 'C', 'D']",False
480,dev-data/mutual/dev/dev_531.txt,B,D,"['B', 'D', 'C', 'A']",False
481,dev-data/mutual/dev/dev_532.txt,C,A,"['C', 'D', 'A', 'B']",False
482,dev-data/mutual/dev/dev_533.txt,C,D,"['C', 'B', 'D', 'A']",False
483,dev-data/mutual/dev/dev_534.txt,B,D,"['B', 'D', 'A', 'C']",False
484,dev-data/mutual/dev/dev_535.txt,D,D,"['D', 'C', 'A', 'B']",True
485,dev-data/mutual/dev/dev_536.txt,D,C,"['D', 'C', 'A', 'B']",False
486,dev-data/mutual/dev/dev_537.txt,A,B,"['A', 'B', 'D', 'C']",False
487,dev-data/mutual/dev/dev_538.txt,B,A,"['B', 'A', 'D', 'C']",False
488,dev-data/mutual/dev/dev_539.txt,B,B,"['B', 'D', 'A', 'C']",True
489,dev-data/mutual/dev/dev_54.txt,B,B,"['B', 'D', 'A', 'C']",True
490,dev-data/mutual/dev/dev_540.txt,A,A,"['A', 'B', 'D', 'C']",True
491,dev-data/mutual/dev/dev_541.txt,A,D,"['A', 'C', 'D', 'B']",False
492,dev-data/mutual/dev/dev_542.txt,C,A,"['C', 'A', 'D', 'B']",False
493,dev-data/mutual/dev/dev_543.txt,D,B,"['D', 'C', 'B', 'A']",False
494,dev-data/mutual/dev/dev_544.txt,A,D,"['A', 'B', 'D', 'C']",False
495,dev-data/mutual/dev/dev_545.txt,B,D,"['B', 'C', 'A', 'D']",False
496,dev-data/mutual/dev/dev_546.txt,B,C,"['B', 'A', 'C', 'D']",False
497,dev-data/mutual/dev/dev_547.txt,A,C,"['A', 'D', 'B', 'C']",False
498,dev-data/mutual/dev/dev_548.txt,D,C,"['D', 'C', 'B', 'A']",False
499,dev-data/mutual/dev/dev_549.txt,B,C,"['B', 'C', 'A', 'D']",False
500,dev-data/mutual/dev/dev_55.txt,D,A,"['D', 'C', 'B', 'A']",False
501,dev-data/mutual/dev/dev_550.txt,B,A,"['B', 'A', 'D', 'C']",False
502,dev-data/mutual/dev/dev_551.txt,D,D,"['D', 'B', 'A', 'C']",True
503,dev-data/mutual/dev/dev_552.txt,D,A,"['D', 'C', 'B', 'A']",False
504,dev-data/mutual/dev/dev_553.txt,B,D,"['B', 'C', 'D', 'A']",False
505,dev-data/mutual/dev/dev_554.txt,B,D,"['B', 'A', 'C', 'D']",False
506,dev-data/mutual/dev/dev_555.txt,D,B,"['D', 'A', 'C', 'B']",False
507,dev-data/mutual/dev/dev_556.txt,B,C,"['B', 'A', 'C', 'D']",False
508,dev-data/mutual/dev/dev_557.txt,B,D,"['B', 'D', 'C', 'A']",False
509,dev-data/mutual/dev/dev_558.txt,D,C,"['D', 'C', 'A', 'B']",False
510,dev-data/mutual/dev/dev_559.txt,D,D,"['D', 'A', 'C', 'B']",True
511,dev-data/mutual/dev/dev_56.txt,B,A,"['B', 'A', 'C', 'D']",False
512,dev-data/mutual/dev/dev_560.txt,A,A,"['A', 'C', 'D', 'B']",True
513,dev-data/mutual/dev/dev_561.txt,A,B,"['A', 'D', 'B', 'C']",False
514,dev-data/mutual/dev/dev_562.txt,A,D,"['A', 'B', 'D', 'C']",False
515,dev-data/mutual/dev/dev_563.txt,B,C,"['B', 'D', 'A', 'C']",False
516,dev-data/mutual/dev/dev_564.txt,C,B,"['C', 'B', 'A', 'D']",False
517,dev-data/mutual/dev/dev_565.txt,B,B,"['B', 'C', 'A', 'D']",True
518,dev-data/mutual/dev/dev_566.txt,C,B,"['C', 'B', 'A', 'D']",False
519,dev-data/mutual/dev/dev_567.txt,B,D,"['B', 'C', 'A', 'D']",False
520,dev-data/mutual/dev/dev_568.txt,D,C,"['D', 'C', 'B', 'A']",False
521,dev-data/mutual/dev/dev_569.txt,A,D,"['A', 'D', 'B', 'C']",False
522,dev-data/mutual/dev/dev_57.txt,A,D,"['A', 'C', 'D', 'B']",False
523,dev-data/mutual/dev/dev_570.txt,A,C,"['A', 'C', 'D', 'B']",False
524,dev-data/mutual/dev/dev_571.txt,C,A,"['C', 'B', 'A', 'D']",False
525,dev-data/mutual/dev/dev_572.txt,B,D,"['B', 'C', 'D', 'A']",False
526,dev-data/mutual/dev/dev_573.txt,A,D,"['A', 'C', 'D', 'B']",False
527,dev-data/mutual/dev/dev_574.txt,C,B,"['C', 'B', 'A', 'D']",False
528,dev-data/mutual/dev/dev_575.txt,D,C,"['D', 'A', 'C', 'B']",False
529,dev-data/mutual/dev/dev_576.txt,B,B,"['B', 'A', 'C', 'D']",True
530,dev-data/mutual/dev/dev_577.txt,A,D,"['A', 'D', 'C', 'B']",False
531,dev-data/mutual/dev/dev_578.txt,D,A,"['D', 'B', 'C', 'A']",False
532,dev-data/mutual/dev/dev_579.txt,D,D,"['D', 'C', 'B', 'A']",True
533,dev-data/mutual/dev/dev_58.txt,B,A,"['B', 'A', 'C', 'D']",False
534,dev-data/mutual/dev/dev_580.txt,A,C,"['A', 'C', 'D', 'B']",False
535,dev-data/mutual/dev/dev_581.txt,B,C,"['B', 'A', 'C', 'D']",False
536,dev-data/mutual/dev/dev_582.txt,A,D,"['A', 'C', 'B', 'D']",False
537,dev-data/mutual/dev/dev_583.txt,D,D,"['D', 'A', 'B', 'C']",True
538,dev-data/mutual/dev/dev_584.txt,C,C,"['C', 'D', 'A', 'B']",True
539,dev-data/mutual/dev/dev_585.txt,C,D,"['C', 'D', 'A', 'B']",False
540,dev-data/mutual/dev/dev_586.txt,D,C,"['D', 'A', 'C', 'B']",False
541,dev-data/mutual/dev/dev_587.txt,A,B,"['A', 'B', 'D', 'C']",False
542,dev-data/mutual/dev/dev_588.txt,C,A,"['C', 'D', 'A', 'B']",False
543,dev-data/mutual/dev/dev_589.txt,C,B,"['C', 'B', 'A', 'D']",False
544,dev-data/mutual/dev/dev_59.txt,A,D,"['A', 'D', 'B', 'C']",False
545,dev-data/mutual/dev/dev_590.txt,B,A,"['B', 'A', 'C', 'D']",False
546,dev-data/mutual/dev/dev_591.txt,A,B,"['A', 'D', 'B', 'C']",False
547,dev-data/mutual/dev/dev_592.txt,D,B,"['D', 'C', 'A', 'B']",False
548,dev-data/mutual/dev/dev_593.txt,D,B,"['D', 'B', 'C', 'A']",False
549,dev-data/mutual/dev/dev_594.txt,A,A,"['A', 'B', 'C', 'D']",True
550,dev-data/mutual/dev/dev_595.txt,D,D,"['D', 'B', 'A', 'C']",True
551,dev-data/mutual/dev/dev_596.txt,B,B,"['B', 'D', 'A', 'C']",True
552,dev-data/mutual/dev/dev_597.txt,B,B,"['B', 'C', 'A', 'D']",True
553,dev-data/mutual/dev/dev_598.txt,B,C,"['B', 'D', 'C', 'A']",False
554,dev-data/mutual/dev/dev_599.txt,B,C,"['B', 'D', 'C', 'A']",False
555,dev-data/mutual/dev/dev_6.txt,A,A,"['A', 'B', 'C', 'D']",True
556,dev-data/mutual/dev/dev_60.txt,C,C,"['C', 'A', 'D', 'B']",True
557,dev-data/mutual/dev/dev_600.txt,C,B,"['C', 'D', 'A', 'B']",False
558,dev-data/mutual/dev/dev_601.txt,C,B,"['C', 'B', 'D', 'A']",False
559,dev-data/mutual/dev/dev_602.txt,A,A,"['A', 'D', 'B', 'C']",True
560,dev-data/mutual/dev/dev_603.txt,D,C,"['D', 'B', 'C', 'A']",False
561,dev-data/mutual/dev/dev_604.txt,B,B,"['B', 'A', 'C', 'D']",True
562,dev-data/mutual/dev/dev_605.txt,C,B,"['C', 'B', 'D', 'A']",False
563,dev-data/mutual/dev/dev_606.txt,C,B,"['C', 'D', 'B', 'A']",False
564,dev-data/mutual/dev/dev_607.txt,B,B,"['B', 'A', 'C', 'D']",True
565,dev-data/mutual/dev/dev_608.txt,B,D,"['B', 'A', 'D', 'C']",False
566,dev-data/mutual/dev/dev_609.txt,D,A,"['D', 'A', 'B', 'C']",False
567,dev-data/mutual/dev/dev_61.txt,C,C,"['C', 'A', 'B', 'D']",True
568,dev-data/mutual/dev/dev_610.txt,D,A,"['D', 'C', 'A', 'B']",False
569,dev-data/mutual/dev/dev_611.txt,B,B,"['B', 'A', 'C', 'D']",True
570,dev-data/mutual/dev/dev_612.txt,A,A,"['A', 'C', 'D', 'B']",True
571,dev-data/mutual/dev/dev_613.txt,B,C,"['B', 'D', 'A', 'C']",False
572,dev-data/mutual/dev/dev_614.txt,B,C,"['B', 'C', 'A', 'D']",False
573,dev-data/mutual/dev/dev_615.txt,D,B,"['D', 'C', 'B', 'A']",False
574,dev-data/mutual/dev/dev_616.txt,B,B,"['B', 'D', 'C', 'A']",True
575,dev-data/mutual/dev/dev_617.txt,C,C,"['C', 'D', 'B', 'A']",True
576,dev-data/mutual/dev/dev_618.txt,C,B,"['C', 'B', 'D', 'A']",False
577,dev-data/mutual/dev/dev_619.txt,D,D,"['D', 'B', 'A', 'C']",True
578,dev-data/mutual/dev/dev_62.txt,D,A,"['D', 'A', 'C', 'B']",False
579,dev-data/mutual/dev/dev_620.txt,B,D,"['B', 'D', 'C', 'A']",False
580,dev-data/mutual/dev/dev_621.txt,B,D,"['B', 'A', 'C', 'D']",False
581,dev-data/mutual/dev/dev_622.txt,A,D,"['A', 'B', 'D', 'C']",False
582,dev-data/mutual/dev/dev_623.txt,D,B,"['D', 'A', 'B', 'C']",False
583,dev-data/mutual/dev/dev_624.txt,B,B,"['B', 'C', 'A', 'D']",True
584,dev-data/mutual/dev/dev_625.txt,D,C,"['D', 'C', 'B', 'A']",False
585,dev-data/mutual/dev/dev_626.txt,D,B,"['D', 'A', 'B', 'C']",False
586,dev-data/mutual/dev/dev_627.txt,D,A,"['D', 'C', 'A', 'B']",False
587,dev-data/mutual/dev/dev_628.txt,C,D,"['C', 'D', 'A', 'B']",False
588,dev-data/mutual/dev/dev_629.txt,D,A,"['D', 'C', 'A', 'B']",False
589,dev-data/mutual/dev/dev_63.txt,B,C,"['B', 'A', 'C', 'D']",False
590,dev-data/mutual/dev/dev_630.txt,D,A,"['D', 'C', 'A', 'B']",False
591,dev-data/mutual/dev/dev_631.txt,B,C,"['B', 'C', 'D', 'A']",False
592,dev-data/mutual/dev/dev_632.txt,C,B,"['C', 'B', 'D', 'A']",False
593,dev-data/mutual/dev/dev_633.txt,D,C,"['D', 'B', 'A', 'C']",False
594,dev-data/mutual/dev/dev_634.txt,A,C,"['A', 'D', 'B', 'C']",False
595,dev-data/mutual/dev/dev_635.txt,B,A,"['B', 'C', 'D', 'A']",False
596,dev-data/mutual/dev/dev_636.txt,A,A,"['A', 'D', 'C', 'B']",True
597,dev-data/mutual/dev/dev_637.txt,D,D,"['D', 'A', 'B', 'C']",True
598,dev-data/mutual/dev/dev_638.txt,D,B,"['D', 'B', 'C', 'A']",False
599,dev-data/mutual/dev/dev_639.txt,A,B,"['A', 'C', 'B', 'D']",False
600,dev-data/mutual/dev/dev_64.txt,C,D,"['C', 'B', 'A', 'D']",False
601,dev-data/mutual/dev/dev_640.txt,C,D,"['C', 'A', 'B', 'D']",False
602,dev-data/mutual/dev/dev_641.txt,A,C,"['A', 'B', 'C', 'D']",False
603,dev-data/mutual/dev/dev_642.txt,A,C,"['A', 'D', 'C', 'B']",False
604,dev-data/mutual/dev/dev_643.txt,D,C,"['D', 'A', 'B', 'C']",False
605,dev-data/mutual/dev/dev_644.txt,D,A,"['D', 'C', 'B', 'A']",False
606,dev-data/mutual/dev/dev_645.txt,C,D,"['C', 'A', 'B', 'D']",False
607,dev-data/mutual/dev/dev_646.txt,C,B,"['C', 'A', 'D', 'B']",False
608,dev-data/mutual/dev/dev_647.txt,D,D,"['D', 'B', 'C', 'A']",True
609,dev-data/mutual/dev/dev_648.txt,B,A,"['B', 'C', 'A', 'D']",False
610,dev-data/mutual/dev/dev_649.txt,A,B,"['A', 'C', 'B', 'D']",False
611,dev-data/mutual/dev/dev_65.txt,D,A,"['D', 'B', 'A', 'C']",False
612,dev-data/mutual/dev/dev_650.txt,D,A,"['D', 'B', 'A', 'C']",False
613,dev-data/mutual/dev/dev_651.txt,A,D,"['A', 'B', 'C', 'D']",False
614,dev-data/mutual/dev/dev_652.txt,B,C,"['B', 'A', 'C', 'D']",False
615,dev-data/mutual/dev/dev_653.txt,C,B,"['C', 'D', 'B', 'A']",False
616,dev-data/mutual/dev/dev_654.txt,A,C,"['A', 'B', 'C', 'D']",False
617,dev-data/mutual/dev/dev_655.txt,B,A,"['B', 'C', 'A', 'D']",False
618,dev-data/mutual/dev/dev_656.txt,D,D,"['D', 'B', 'C', 'A']",True
619,dev-data/mutual/dev/dev_657.txt,D,D,"['D', 'A', 'C', 'B']",True
620,dev-data/mutual/dev/dev_658.txt,D,D,"['D', 'C', 'A', 'B']",True
621,dev-data/mutual/dev/dev_659.txt,C,B,"['C', 'A', 'D', 'B']",False
622,dev-data/mutual/dev/dev_66.txt,B,D,"['B', 'C', 'A', 'D']",False
623,dev-data/mutual/dev/dev_660.txt,D,D,"['D', 'C', 'A', 'B']",True
624,dev-data/mutual/dev/dev_661.txt,B,A,"['B', 'D', 'C', 'A']",False
625,dev-data/mutual/dev/dev_662.txt,B,D,"['B', 'C', 'D', 'A']",False
626,dev-data/mutual/dev/dev_663.txt,A,B,"['A', 'D', 'B', 'C']",False
627,dev-data/mutual/dev/dev_664.txt,D,D,"['D', 'C', 'B', 'A']",True
628,dev-data/mutual/dev/dev_665.txt,D,C,"['D', 'B', 'A', 'C']",False
629,dev-data/mutual/dev/dev_666.txt,B,B,"['B', 'A', 'D', 'C']",True
630,dev-data/mutual/dev/dev_667.txt,B,B,"['B', 'A', 'D', 'C']",True
631,dev-data/mutual/dev/dev_668.txt,C,D,"['C', 'B', 'A', 'D']",False
632,dev-data/mutual/dev/dev_669.txt,A,B,"['A', 'D', 'B', 'C']",False
633,dev-data/mutual/dev/dev_67.txt,C,C,"['C', 'A', 'B', 'D']",True
634,dev-data/mutual/dev/dev_670.txt,B,D,"['B', 'C', 'A', 'D']",False
635,dev-data/mutual/dev/dev_671.txt,A,B,"['A', 'B', 'D', 'C']",False
636,dev-data/mutual/dev/dev_672.txt,A,A,"['A', 'B', 'C', 'D']",True
637,dev-data/mutual/dev/dev_673.txt,A,D,"['A', 'B', 'C', 'D']",False
638,dev-data/mutual/dev/dev_674.txt,B,D,"['B', 'C', 'D', 'A']",False
639,dev-data/mutual/dev/dev_675.txt,D,B,"['D', 'A', 'B', 'C']",False
640,dev-data/mutual/dev/dev_676.txt,A,B,"['A', 'B', 'C', 'D']",False
641,dev-data/mutual/dev/dev_677.txt,A,B,"['A', 'C', 'B', 'D']",False
642,dev-data/mutual/dev/dev_678.txt,B,A,"['B', 'D', 'A', 'C']",False
643,dev-data/mutual/dev/dev_679.txt,B,D,"['B', 'D', 'A', 'C']",False
644,dev-data/mutual/dev/dev_68.txt,C,D,"['C', 'A', 'B', 'D']",False
645,dev-data/mutual/dev/dev_680.txt,B,A,"['B', 'C', 'A', 'D']",False
646,dev-data/mutual/dev/dev_681.txt,B,C,"['B', 'D', 'A', 'C']",False
647,dev-data/mutual/dev/dev_682.txt,B,C,"['B', 'D', 'C', 'A']",False
648,dev-data/mutual/dev/dev_683.txt,C,A,"['C', 'A', 'D', 'B']",False
649,dev-data/mutual/dev/dev_684.txt,A,A,"['A', 'C', 'D', 'B']",True
650,dev-data/mutual/dev/dev_685.txt,D,D,"['D', 'A', 'B', 'C']",True
651,dev-data/mutual/dev/dev_686.txt,A,B,"['A', 'D', 'B', 'C']",False
652,dev-data/mutual/dev/dev_687.txt,C,D,"['C', 'D', 'A', 'B']",False
653,dev-data/mutual/dev/dev_688.txt,A,B,"['A', 'D', 'C', 'B']",False
654,dev-data/mutual/dev/dev_689.txt,A,B,"['A', 'C', 'D', 'B']",False
655,dev-data/mutual/dev/dev_69.txt,D,C,"['D', 'B', 'A', 'C']",False
656,dev-data/mutual/dev/dev_690.txt,B,D,"['B', 'A', 'D', 'C']",False
657,dev-data/mutual/dev/dev_691.txt,D,A,"['D', 'B', 'C', 'A']",False
658,dev-data/mutual/dev/dev_692.txt,C,D,"['C', 'A', 'D', 'B']",False
659,dev-data/mutual/dev/dev_693.txt,B,B,"['B', 'D', 'C', 'A']",True
660,dev-data/mutual/dev/dev_694.txt,C,B,"['C', 'A', 'D', 'B']",False
661,dev-data/mutual/dev/dev_695.txt,B,C,"['B', 'C', 'A', 'D']",False
662,dev-data/mutual/dev/dev_696.txt,A,B,"['A', 'D', 'B', 'C']",False
663,dev-data/mutual/dev/dev_697.txt,C,C,"['C', 'B', 'D', 'A']",True
664,dev-data/mutual/dev/dev_698.txt,C,C,"['C', 'D', 'A', 'B']",True
665,dev-data/mutual/dev/dev_699.txt,C,D,"['C', 'A', 'D', 'B']",False
666,dev-data/mutual/dev/dev_7.txt,A,B,"['A', 'D', 'B', 'C']",False
667,dev-data/mutual/dev/dev_70.txt,A,D,"['A', 'D', 'B', 'C']",False
668,dev-data/mutual/dev/dev_700.txt,B,D,"['B', 'C', 'D', 'A']",False
669,dev-data/mutual/dev/dev_701.txt,A,C,"['A', 'D', 'B', 'C']",False
670,dev-data/mutual/dev/dev_702.txt,C,C,"['C', 'D', 'A', 'B']",True
671,dev-data/mutual/dev/dev_703.txt,B,A,"['B', 'D', 'A', 'C']",False
672,dev-data/mutual/dev/dev_704.txt,B,D,"['B', 'C', 'D', 'A']",False
673,dev-data/mutual/dev/dev_705.txt,B,D,"['B', 'A', 'D', 'C']",False
674,dev-data/mutual/dev/dev_706.txt,A,B,"['A', 'C', 'D', 'B']",False
675,dev-data/mutual/dev/dev_707.txt,A,A,"['A', 'B', 'C', 'D']",True
676,dev-data/mutual/dev/dev_708.txt,C,C,"['C', 'D', 'B', 'A']",True
677,dev-data/mutual/dev/dev_709.txt,D,B,"['D', 'A', 'C', 'B']",False
678,dev-data/mutual/dev/dev_71.txt,B,B,"['B', 'C', 'A', 'D']",True
679,dev-data/mutual/dev/dev_710.txt,A,D,"['A', 'D', 'C', 'B']",False
680,dev-data/mutual/dev/dev_711.txt,B,C,"['B', 'C', 'D', 'A']",False
681,dev-data/mutual/dev/dev_712.txt,A,D,"['A', 'D', 'C', 'B']",False
682,dev-data/mutual/dev/dev_713.txt,C,A,"['C', 'A', 'D', 'B']",False
683,dev-data/mutual/dev/dev_714.txt,D,D,"['D', 'A', 'B', 'C']",True
684,dev-data/mutual/dev/dev_715.txt,A,A,"['A', 'D', 'C', 'B']",True
685,dev-data/mutual/dev/dev_716.txt,B,C,"['B', 'D', 'A', 'C']",False
686,dev-data/mutual/dev/dev_717.txt,A,D,"['A', 'C', 'D', 'B']",False
687,dev-data/mutual/dev/dev_718.txt,C,A,"['C', 'A', 'D', 'B']",False
688,dev-data/mutual/dev/dev_719.txt,A,D,"['A', 'B', 'D', 'C']",False
689,dev-data/mutual/dev/dev_72.txt,A,D,"['A', 'C', 'B', 'D']",False
690,dev-data/mutual/dev/dev_720.txt,A,C,"['A', 'C', 'D', 'B']",False
691,dev-data/mutual/dev/dev_721.txt,A,B,"['A', 'D', 'B', 'C']",False
692,dev-data/mutual/dev/dev_722.txt,A,B,"['A', 'C', 'B', 'D']",False
693,dev-data/mutual/dev/dev_723.txt,B,B,"['B', 'D', 'A', 'C']",True
694,dev-data/mutual/dev/dev_724.txt,A,B,"['A', 'B', 'D', 'C']",False
695,dev-data/mutual/dev/dev_725.txt,A,D,"['A', 'C', 'D', 'B']",False
696,dev-data/mutual/dev/dev_726.txt,C,C,"['C', 'B', 'A', 'D']",True
697,dev-data/mutual/dev/dev_727.txt,B,D,"['B', 'C', 'A', 'D']",False
698,dev-data/mutual/dev/dev_728.txt,C,C,"['C', 'D', 'A', 'B']",True
699,dev-data/mutual/dev/dev_729.txt,A,D,"['A', 'B', 'D', 'C']",False
700,dev-data/mutual/dev/dev_73.txt,B,C,"['B', 'A', 'D', 'C']",False
701,dev-data/mutual/dev/dev_730.txt,C,D,"['C', 'D', 'B', 'A']",False
702,dev-data/mutual/dev/dev_731.txt,C,B,"['C', 'D', 'B', 'A']",False
703,dev-data/mutual/dev/dev_732.txt,D,C,"['D', 'A', 'B', 'C']",False
704,dev-data/mutual/dev/dev_733.txt,B,A,"['B', 'D', 'A', 'C']",False
705,dev-data/mutual/dev/dev_734.txt,A,D,"['A', 'B', 'C', 'D']",False
706,dev-data/mutual/dev/dev_735.txt,C,D,"['C', 'D', 'B', 'A']",False
707,dev-data/mutual/dev/dev_736.txt,D,D,"['D', 'C', 'A', 'B']",True
708,dev-data/mutual/dev/dev_737.txt,A,A,"['A', 'C', 'B', 'D']",True
709,dev-data/mutual/dev/dev_738.txt,C,A,"['C', 'A', 'B', 'D']",False
710,dev-data/mutual/dev/dev_739.txt,B,B,"['B', 'A', 'D', 'C']",True
711,dev-data/mutual/dev/dev_74.txt,B,D,"['B', 'D', 'C', 'A']",False
712,dev-data/mutual/dev/dev_740.txt,C,B,"['C', 'B', 'A', 'D']",False
713,dev-data/mutual/dev/dev_741.txt,A,D,"['A', 'D', 'B', 'C']",False
714,dev-data/mutual/dev/dev_742.txt,C,C,"['C', 'B', 'D', 'A']",True
715,dev-data/mutual/dev/dev_743.txt,D,A,"['D', 'B', 'C', 'A']",False
716,dev-data/mutual/dev/dev_744.txt,C,C,"['C', 'A', 'D', 'B']",True
717,dev-data/mutual/dev/dev_745.txt,B,D,"['B', 'C', 'D', 'A']",False
718,dev-data/mutual/dev/dev_746.txt,B,C,"['B', 'C', 'D', 'A']",False
719,dev-data/mutual/dev/dev_747.txt,D,C,"['D', 'C', 'A', 'B']",False
720,dev-data/mutual/dev/dev_748.txt,C,C,"['C', 'B', 'D', 'A']",True
721,dev-data/mutual/dev/dev_749.txt,A,A,"['A', 'D', 'B', 'C']",True
722,dev-data/mutual/dev/dev_75.txt,A,B,"['A', 'D', 'B', 'C']",False
723,dev-data/mutual/dev/dev_750.txt,B,C,"['B', 'A', 'D', 'C']",False
724,dev-data/mutual/dev/dev_751.txt,D,D,"['D', 'A', 'B', 'C']",True
725,dev-data/mutual/dev/dev_752.txt,C,C,"['C', 'D', 'A', 'B']",True
726,dev-data/mutual/dev/dev_753.txt,C,C,"['C', 'D', 'A', 'B']",True
727,dev-data/mutual/dev/dev_754.txt,C,A,"['C', 'B', 'D', 'A']",False
728,dev-data/mutual/dev/dev_755.txt,A,B,"['A', 'C', 'B', 'D']",False
729,dev-data/mutual/dev/dev_756.txt,D,C,"['D', 'C', 'B', 'A']",False
730,dev-data/mutual/dev/dev_757.txt,B,D,"['B', 'C', 'A', 'D']",False
731,dev-data/mutual/dev/dev_758.txt,A,A,"['A', 'C', 'D', 'B']",True
732,dev-data/mutual/dev/dev_759.txt,B,D,"['B', 'C', 'D', 'A']",False
733,dev-data/mutual/dev/dev_76.txt,C,B,"['C', 'B', 'D', 'A']",False
734,dev-data/mutual/dev/dev_760.txt,D,A,"['D', 'C', 'A', 'B']",False
735,dev-data/mutual/dev/dev_761.txt,A,A,"['A', 'D', 'B', 'C']",True
736,dev-data/mutual/dev/dev_762.txt,B,C,"['B', 'C', 'D', 'A']",False
737,dev-data/mutual/dev/dev_763.txt,C,B,"['C', 'D', 'A', 'B']",False
738,dev-data/mutual/dev/dev_764.txt,B,A,"['B', 'C', 'A', 'D']",False
739,dev-data/mutual/dev/dev_765.txt,B,B,"['B', 'C', 'A', 'D']",True
740,dev-data/mutual/dev/dev_766.txt,B,D,"['B', 'D', 'C', 'A']",False
741,dev-data/mutual/dev/dev_767.txt,A,C,"['A', 'C', 'B', 'D']",False
742,dev-data/mutual/dev/dev_768.txt,B,D,"['B', 'C', 'A', 'D']",False
743,dev-data/mutual/dev/dev_769.txt,D,D,"['D', 'B', 'C', 'A']",True
744,dev-data/mutual/dev/dev_77.txt,B,A,"['B', 'D', 'A', 'C']",False
745,dev-data/mutual/dev/dev_770.txt,C,A,"['C', 'B', 'D', 'A']",False
746,dev-data/mutual/dev/dev_771.txt,B,C,"['B', 'D', 'C', 'A']",False
747,dev-data/mutual/dev/dev_772.txt,C,C,"['C', 'A', 'D', 'B']",True
748,dev-data/mutual/dev/dev_773.txt,B,B,"['B', 'D', 'A', 'C']",True
749,dev-data/mutual/dev/dev_774.txt,B,B,"['B', 'A', 'C', 'D']",True
750,dev-data/mutual/dev/dev_775.txt,D,D,"['D', 'B', 'A', 'C']",True
751,dev-data/mutual/dev/dev_776.txt,C,C,"['C', 'A', 'B', 'D']",True
752,dev-data/mutual/dev/dev_777.txt,B,C,"['B', 'A', 'D', 'C']",False
753,dev-data/mutual/dev/dev_778.txt,C,B,"['C', 'A', 'B', 'D']",False
754,dev-data/mutual/dev/dev_779.txt,C,A,"['C', 'A', 'D', 'B']",False
755,dev-data/mutual/dev/dev_78.txt,B,A,"['B', 'A', 'C', 'D']",False
756,dev-data/mutual/dev/dev_780.txt,C,C,"['C', 'A', 'B', 'D']",True
757,dev-data/mutual/dev/dev_781.txt,D,D,"['D', 'C', 'B', 'A']",True
758,dev-data/mutual/dev/dev_782.txt,C,C,"['C', 'A', 'D', 'B']",True
759,dev-data/mutual/dev/dev_783.txt,A,D,"['A', 'D', 'B', 'C']",False
760,dev-data/mutual/dev/dev_784.txt,A,A,"['A', 'C', 'B', 'D']",True
761,dev-data/mutual/dev/dev_785.txt,C,D,"['C', 'A', 'D', 'B']",False
762,dev-data/mutual/dev/dev_786.txt,D,C,"['D', 'B', 'A', 'C']",False
763,dev-data/mutual/dev/dev_787.txt,D,A,"['D', 'C', 'A', 'B']",False
764,dev-data/mutual/dev/dev_788.txt,D,C,"['D', 'B', 'C', 'A']",False
765,dev-data/mutual/dev/dev_789.txt,A,A,"['A', 'D', 'C', 'B']",True
766,dev-data/mutual/dev/dev_79.txt,D,A,"['D', 'A', 'B', 'C']",False
767,dev-data/mutual/dev/dev_790.txt,B,A,"['B', 'D', 'C', 'A']",False
768,dev-data/mutual/dev/dev_791.txt,D,D,"['D', 'B', 'A', 'C']",True
769,dev-data/mutual/dev/dev_792.txt,B,B,"['B', 'C', 'A', 'D']",True
770,dev-data/mutual/dev/dev_793.txt,A,A,"['A', 'C', 'D', 'B']",True
771,dev-data/mutual/dev/dev_794.txt,A,C,"['A', 'B', 'D', 'C']",False
772,dev-data/mutual/dev/dev_795.txt,C,B,"['C', 'A', 'D', 'B']",False
773,dev-data/mutual/dev/dev_796.txt,B,D,"['B', 'A', 'D', 'C']",False
774,dev-data/mutual/dev/dev_797.txt,B,B,"['B', 'A', 'C', 'D']",True
775,dev-data/mutual/dev/dev_798.txt,B,C,"['B', 'D', 'A', 'C']",False
776,dev-data/mutual/dev/dev_799.txt,A,A,"['A', 'B', 'C', 'D']",True
777,dev-data/mutual/dev/dev_8.txt,A,D,"['A', 'D', 'B', 'C']",False
778,dev-data/mutual/dev/dev_80.txt,A,C,"['A', 'D', 'B', 'C']",False
779,dev-data/mutual/dev/dev_800.txt,C,D,"['C', 'D', 'A', 'B']",False
780,dev-data/mutual/dev/dev_801.txt,B,A,"['B', 'C', 'D', 'A']",False
781,dev-data/mutual/dev/dev_802.txt,A,A,"['A', 'B', 'C', 'D']",True
782,dev-data/mutual/dev/dev_803.txt,B,A,"['B', 'A', 'C', 'D']",False
783,dev-data/mutual/dev/dev_804.txt,D,A,"['D', 'C', 'B', 'A']",False
784,dev-data/mutual/dev/dev_805.txt,C,A,"['C', 'B', 'A', 'D']",False
785,dev-data/mutual/dev/dev_806.txt,A,C,"['A', 'D', 'B', 'C']",False
786,dev-data/mutual/dev/dev_807.txt,B,A,"['B', 'A', 'C', 'D']",False
787,dev-data/mutual/dev/dev_808.txt,C,C,"['C', 'A', 'B', 'D']",True
788,dev-data/mutual/dev/dev_809.txt,D,D,"['D', 'B', 'A', 'C']",True
789,dev-data/mutual/dev/dev_81.txt,A,D,"['A', 'C', 'D', 'B']",False
790,dev-data/mutual/dev/dev_810.txt,D,C,"['D', 'B', 'C', 'A']",False
791,dev-data/mutual/dev/dev_811.txt,B,C,"['B', 'C', 'D', 'A']",False
792,dev-data/mutual/dev/dev_812.txt,A,B,"['A', 'D', 'B', 'C']",False
793,dev-data/mutual/dev/dev_813.txt,C,B,"['C', 'A', 'D', 'B']",False
794,dev-data/mutual/dev/dev_814.txt,A,D,"['A', 'B', 'D', 'C']",False
795,dev-data/mutual/dev/dev_815.txt,D,D,"['D', 'A', 'C', 'B']",True
796,dev-data/mutual/dev/dev_816.txt,B,D,"['B', 'D', 'C', 'A']",False
797,dev-data/mutual/dev/dev_817.txt,A,A,"['A', 'B', 'D', 'C']",True
798,dev-data/mutual/dev/dev_818.txt,C,C,"['C', 'A', 'D', 'B']",True
799,dev-data/mutual/dev/dev_819.txt,D,D,"['D', 'C', 'A', 'B']",True
800,dev-data/mutual/dev/dev_82.txt,A,D,"['A', 'D', 'B', 'C']",False
801,dev-data/mutual/dev/dev_820.txt,C,A,"['C', 'D', 'B', 'A']",False
802,dev-data/mutual/dev/dev_821.txt,C,A,"['C', 'A', 'D', 'B']",False
803,dev-data/mutual/dev/dev_822.txt,D,D,"['D', 'C', 'B', 'A']",True
804,dev-data/mutual/dev/dev_823.txt,B,A,"['B', 'A', 'D', 'C']",False
805,dev-data/mutual/dev/dev_824.txt,A,D,"['A', 'B', 'D', 'C']",False
806,dev-data/mutual/dev/dev_825.txt,A,A,"['A', 'C', 'D', 'B']",True
807,dev-data/mutual/dev/dev_826.txt,A,A,"['A', 'C', 'B', 'D']",True
808,dev-data/mutual/dev/dev_827.txt,A,C,"['A', 'B', 'C', 'D']",False
809,dev-data/mutual/dev/dev_828.txt,B,C,"['B', 'C', 'D', 'A']",False
810,dev-data/mutual/dev/dev_829.txt,B,B,"['B', 'D', 'A', 'C']",True
811,dev-data/mutual/dev/dev_83.txt,D,C,"['D', 'A', 'C', 'B']",False
812,dev-data/mutual/dev/dev_830.txt,C,A,"['C', 'D', 'A', 'B']",False
813,dev-data/mutual/dev/dev_831.txt,D,D,"['D', 'A', 'C', 'B']",True
814,dev-data/mutual/dev/dev_832.txt,D,B,"['D', 'A', 'B', 'C']",False
815,dev-data/mutual/dev/dev_833.txt,A,C,"['A', 'B', 'C', 'D']",False
816,dev-data/mutual/dev/dev_834.txt,B,A,"['B', 'C', 'D', 'A']",False
817,dev-data/mutual/dev/dev_835.txt,D,C,"['D', 'C', 'B', 'A']",False
818,dev-data/mutual/dev/dev_836.txt,A,A,"['A', 'D', 'B', 'C']",True
819,dev-data/mutual/dev/dev_837.txt,C,B,"['C', 'B', 'D', 'A']",False
820,dev-data/mutual/dev/dev_838.txt,B,B,"['B', 'A', 'D', 'C']",True
821,dev-data/mutual/dev/dev_839.txt,D,D,"['D', 'A', 'B', 'C']",True
822,dev-data/mutual/dev/dev_84.txt,A,B,"['A', 'B', 'D', 'C']",False
823,dev-data/mutual/dev/dev_840.txt,D,C,"['D', 'A', 'B', 'C']",False
824,dev-data/mutual/dev/dev_841.txt,A,C,"['A', 'D', 'C', 'B']",False
825,dev-data/mutual/dev/dev_842.txt,B,C,"['B', 'C', 'A', 'D']",False
826,dev-data/mutual/dev/dev_843.txt,D,D,"['D', 'B', 'A', 'C']",True
827,dev-data/mutual/dev/dev_844.txt,C,C,"['C', 'B', 'D', 'A']",True
828,dev-data/mutual/dev/dev_845.txt,B,C,"['B', 'A', 'C', 'D']",False
829,dev-data/mutual/dev/dev_846.txt,C,D,"['C', 'D', 'B', 'A']",False
830,dev-data/mutual/dev/dev_847.txt,C,C,"['C', 'B', 'D', 'A']",True
831,dev-data/mutual/dev/dev_848.txt,A,B,"['A', 'C', 'B', 'D']",False
832,dev-data/mutual/dev/dev_849.txt,B,A,"['B', 'A', 'D', 'C']",False
833,dev-data/mutual/dev/dev_85.txt,D,C,"['D', 'A', 'C', 'B']",False
834,dev-data/mutual/dev/dev_850.txt,D,C,"['D', 'B', 'A', 'C']",False
835,dev-data/mutual/dev/dev_851.txt,A,C,"['A', 'B', 'C', 'D']",False
836,dev-data/mutual/dev/dev_852.txt,A,D,"['A', 'C', 'B', 'D']",False
837,dev-data/mutual/dev/dev_853.txt,B,D,"['B', 'D', 'C', 'A']",False
838,dev-data/mutual/dev/dev_854.txt,A,C,"['A', 'C', 'D', 'B']",False
839,dev-data/mutual/dev/dev_855.txt,B,A,"['B', 'D', 'A', 'C']",False
840,dev-data/mutual/dev/dev_856.txt,A,D,"['A', 'B', 'C', 'D']",False
841,dev-data/mutual/dev/dev_857.txt,B,B,"['B', 'A', 'D', 'C']",True
842,dev-data/mutual/dev/dev_858.txt,A,C,"['A', 'C', 'B', 'D']",False
843,dev-data/mutual/dev/dev_859.txt,C,D,"['C', 'A', 'B', 'D']",False
844,dev-data/mutual/dev/dev_86.txt,C,D,"['C', 'B', 'D', 'A']",False
845,dev-data/mutual/dev/dev_860.txt,B,A,"['B', 'A', 'D', 'C']",False
846,dev-data/mutual/dev/dev_861.txt,A,D,"['A', 'D', 'B', 'C']",False
847,dev-data/mutual/dev/dev_862.txt,A,A,"['A', 'B', 'D', 'C']",True
848,dev-data/mutual/dev/dev_863.txt,C,D,"['C', 'A', 'D', 'B']",False
849,dev-data/mutual/dev/dev_864.txt,C,C,"['C', 'B', 'D', 'A']",True
850,dev-data/mutual/dev/dev_865.txt,D,C,"['D', 'B', 'A', 'C']",False
851,dev-data/mutual/dev/dev_866.txt,C,A,"['C', 'D', 'B', 'A']",False
852,dev-data/mutual/dev/dev_867.txt,C,D,"['C', 'D', 'B', 'A']",False
853,dev-data/mutual/dev/dev_868.txt,D,D,"['D', 'A', 'C', 'B']",True
854,dev-data/mutual/dev/dev_869.txt,A,D,"['A', 'B', 'D', 'C']",False
855,dev-data/mutual/dev/dev_87.txt,A,A,"['A', 'C', 'D', 'B']",True
856,dev-data/mutual/dev/dev_870.txt,C,A,"['C', 'B', 'A', 'D']",False
857,dev-data/mutual/dev/dev_871.txt,C,D,"['C', 'D', 'B', 'A']",False
858,dev-data/mutual/dev/dev_872.txt,C,A,"['C', 'D', 'B', 'A']",False
859,dev-data/mutual/dev/dev_873.txt,D,A,"['D', 'C', 'B', 'A']",False
860,dev-data/mutual/dev/dev_874.txt,C,B,"['C', 'B', 'A', 'D']",False
861,dev-data/mutual/dev/dev_875.txt,A,C,"['A', 'D', 'C', 'B']",False
862,dev-data/mutual/dev/dev_876.txt,B,A,"['B', 'C', 'A', 'D']",False
863,dev-data/mutual/dev/dev_877.txt,B,D,"['B', 'A', 'C', 'D']",False
864,dev-data/mutual/dev/dev_878.txt,A,A,"['A', 'C', 'B', 'D']",True
865,dev-data/mutual/dev/dev_879.txt,D,A,"['D', 'A', 'C', 'B']",False
866,dev-data/mutual/dev/dev_88.txt,B,B,"['B', 'C', 'A', 'D']",True
867,dev-data/mutual/dev/dev_880.txt,D,B,"['D', 'C', 'A', 'B']",False
868,dev-data/mutual/dev/dev_881.txt,D,D,"['D', 'C', 'A', 'B']",True
869,dev-data/mutual/dev/dev_882.txt,C,A,"['C', 'D', 'B', 'A']",False
870,dev-data/mutual/dev/dev_883.txt,B,B,"['B', 'D', 'C', 'A']",True
871,dev-data/mutual/dev/dev_884.txt,B,B,"['B', 'C', 'D', 'A']",True
872,dev-data/mutual/dev/dev_885.txt,D,C,"['D', 'C', 'A', 'B']",False
873,dev-data/mutual/dev/dev_886.txt,B,C,"['B', 'D', 'C', 'A']",False
874,dev-data/mutual/dev/dev_89.txt,A,B,"['A', 'B', 'C', 'D']",False
875,dev-data/mutual/dev/dev_9.txt,C,A,"['C', 'A', 'B', 'D']",False
876,dev-data/mutual/dev/dev_90.txt,A,A,"['A', 'B', 'D', 'C']",True
877,dev-data/mutual/dev/dev_91.txt,D,D,"['D', 'C', 'A', 'B']",True
878,dev-data/mutual/dev/dev_92.txt,D,D,"['D', 'A', 'C', 'B']",True
879,dev-data/mutual/dev/dev_93.txt,B,C,"['B', 'A', 'D', 'C']",False
880,dev-data/mutual/dev/dev_94.txt,B,C,"['B', 'A', 'D', 'C']",False
881,dev-data/mutual/dev/dev_95.txt,B,C,"['B', 'A', 'D', 'C']",False
882,dev-data/mutual/dev/dev_96.txt,B,A,"['B', 'A', 'C', 'D']",False
883,dev-data/mutual/dev/dev_97.txt,A,D,"['A', 'B', 'C', 'D']",False
884,dev-data/mutual/dev/dev_98.txt,D,D,"['D', 'A', 'C', 'B']",True
885,dev-data/mutual/dev/dev_99.txt,A,A,"['A', 'C', 'D', 'B']",True
